4046,
4024,
4012,
4002,
3992,
3986,
3979,
3975,
3973,
3968,
3966,
3963,
3958,
3956,
3954,
3954,
3950,
3949,
3946,
3944,
3942,
3940,
3938,
3936,
3934,
3932,
3929,
3927,
3924,
3920,
3916,
3914,
3911,
3908,
3905,
3900,
3899,
3894,
3890,
3888,
3884,
3881,
3878,
3875,
3871,
3866,
3863,
3862,
3857,
3853,
3850,
3846,
3844,
3840,
3834,
3833,
3830,
3826,
3824,
3818,
3816,
3814,
3810,
3804,
3804,
3802,
3798,
3795,
3791,
3790,
3783,
3781,
3774,
3775,
3766,
3766,
3760,
3757,
3750,
3747,
3740,
3737,
3727,
3726,
3716,
3714,
3706,
3701,
3694,
3688,
3679,
3670,
3662,
3651,
3638,
3621,
3602,
3578,
3543,
3478,